0.0000E+00  0.2906E+04  0.7126E+03  0.2024E+04  0.4963E+03  0.8183E+07  0.1004E+07  0.5651E+07  0.6931E+06  0.3894E+07  0.4775E+06
0.5000E+00  0.2905E+04  0.7126E+03  0.2024E+04  0.4963E+03  0.8013E+07  0.1004E+07  0.5555E+07  0.6931E+06  0.3849E+07  0.4775E+06
0.1000E+01  0.2906E+04  0.7126E+03  0.2024E+04  0.4963E+03  0.8092E+07  0.1004E+07  0.5574E+07  0.6931E+06  0.3891E+07  0.4775E+06
0.1500E+01  0.2905E+04  0.7126E+03  0.2024E+04  0.4963E+03  0.8076E+07  0.1004E+07  0.5588E+07  0.6931E+06  0.3828E+07  0.4775E+06
0.2000E+01  0.2906E+04  0.7126E+03  0.2024E+04  0.4963E+03  0.8028E+07  0.1004E+07  0.5541E+07  0.6931E+06  0.3839E+07  0.4775E+06
0.2500E+01  0.2905E+04  0.7126E+03  0.2024E+04  0.4963E+03  0.8157E+07  0.1004E+07  0.5534E+07  0.6931E+06  0.3782E+07  0.4775E+06
0.3000E+01  0.2906E+04  0.7126E+03  0.2024E+04  0.4963E+03  0.8114E+07  0.1004E+07  0.5591E+07  0.6931E+06  0.3693E+07  0.4775E+06
0.3500E+01  0.2906E+04  0.7126E+03  0.2023E+04  0.4963E+03  0.8115E+07  0.1004E+07  0.5594E+07  0.6931E+06  0.3847E+07  0.4775E+06
0.4000E+01  0.2906E+04  0.7126E+03  0.2023E+04  0.4963E+03  0.8123E+07  0.1004E+07  0.5365E+07  0.6931E+06  0.3691E+07  0.4775E+06
0.4500E+01  0.2905E+04  0.7126E+03  0.2024E+04  0.4963E+03  0.7633E+07  0.1004E+07  0.5396E+07  0.6931E+06  0.3842E+07  0.4775E+06
0.5000E+01  0.2906E+04  0.7126E+03  0.2024E+04  0.4963E+03  0.7806E+07  0.1004E+07  0.5379E+07  0.6931E+06  0.3607E+07  0.4775E+06
0.5500E+01  0.2906E+04  0.7126E+03  0.2024E+04  0.4963E+03  0.7953E+07  0.1004E+07  0.5211E+07  0.6931E+06  0.3675E+07  0.4775E+06
0.6000E+01  0.2906E+04  0.7126E+03  0.2024E+04  0.4963E+03  0.8136E+07  0.1004E+07  0.5293E+07  0.6931E+06  0.3470E+07  0.4775E+06
0.6500E+01  0.2905E+04  0.7126E+03  0.2024E+04  0.4963E+03  0.7595E+07  0.1004E+07  0.5139E+07  0.6931E+06  0.3417E+07  0.4775E+06
0.7000E+01  0.2906E+04  0.7126E+03  0.2024E+04  0.4963E+03  0.7668E+07  0.1004E+07  0.5169E+07  0.6931E+06  0.3166E+07  0.4775E+06
0.7500E+01  0.2905E+04  0.7126E+03  0.2022E+04  0.4963E+03  0.7410E+07  0.1004E+07  0.5409E+07  0.6931E+06  0.3770E+07  0.4775E+06
0.8000E+01  0.2906E+04  0.7126E+03  0.2024E+04  0.4963E+03  0.7636E+07  0.1004E+07  0.4899E+07  0.6931E+06  0.3023E+07  0.4775E+06
0.8500E+01  0.2905E+04  0.7126E+03  0.2024E+04  0.4963E+03  0.7919E+07  0.1004E+07  0.5056E+07  0.6931E+06  0.3558E+07  0.4774E+06
0.9000E+01  0.2905E+04  0.7126E+03  0.2024E+04  0.4963E+03  0.7706E+07  0.1004E+07  0.5394E+07  0.6931E+06  0.3025E+07  0.4774E+06
0.9500E+01  0.2905E+04  0.7126E+03  0.2023E+04  0.4963E+03  0.7038E+07  0.1004E+07  0.5197E+07  0.6931E+06  0.3498E+07  0.4774E+06
0.1000E+02  0.2905E+04  0.7126E+03  0.2024E+04  0.4963E+03  0.6919E+07  0.1004E+07  0.5115E+07  0.6931E+06  0.3789E+07  0.4775E+06
0.1050E+02  0.2905E+04  0.7126E+03  0.2022E+04  0.4963E+03  0.7400E+07  0.1004E+07  0.4345E+07  0.6931E+06  0.2715E+07  0.4775E+06
0.1100E+02  0.2905E+04  0.7126E+03  0.2022E+04  0.4963E+03  0.7541E+07  0.1004E+07  0.4265E+07  0.6931E+06  0.2906E+07  0.4774E+06
0.1150E+02  0.2904E+04  0.7126E+03  0.2009E+04  0.4963E+03  0.7389E+07  0.1004E+07  0.4409E+07  0.6931E+06  0.3359E+07  0.4775E+06
0.1200E+02  0.2904E+04  0.7126E+03  0.1993E+04  0.4963E+03  0.7994E+07  0.1004E+07  0.4472E+07  0.6931E+06  0.2606E+07  0.4775E+06
0.1250E+02  0.2905E+04  0.7126E+03  0.1963E+04  0.4963E+03  0.7218E+07  0.1004E+07  0.4224E+07  0.6931E+06  0.2960E+07  0.4774E+06
0.1300E+02  0.2905E+04  0.7126E+03  0.1932E+04  0.4963E+03  0.6829E+07  0.1004E+07  0.4626E+07  0.6930E+06  0.3219E+07  0.4767E+06
0.1350E+02  0.2906E+04  0.7126E+03  0.1884E+04  0.4963E+03  0.7092E+07  0.1004E+07  0.3570E+07  0.6931E+06  0.2016E+07  0.4774E+06
0.1400E+02  0.2905E+04  0.7126E+03  0.1844E+04  0.4963E+03  0.7228E+07  0.1004E+07  0.4058E+07  0.6931E+06  0.2540E+07  0.4774E+06
0.1450E+02  0.2905E+04  0.7126E+03  0.1794E+04  0.4963E+03  0.7606E+07  0.1004E+07  0.4164E+07  0.6931E+06  0.1885E+07  0.4774E+06
0.1500E+02  0.2899E+04  0.7126E+03  0.1743E+04  0.4963E+03  0.6230E+07  0.1004E+07  0.4313E+07  0.6931E+06  0.2287E+07  0.4774E+06
0.1550E+02  0.2889E+04  0.7126E+03  0.1670E+04  0.4963E+03  0.6453E+07  0.1003E+07  0.4462E+07  0.6928E+06  0.2009E+07  0.4772E+06
0.1600E+02  0.2863E+04  0.7126E+03  0.1629E+04  0.4963E+03  0.4710E+07  0.1004E+07  0.3366E+07  0.6927E+06  0.1487E+07  0.4588E+06
0.1650E+02  0.2847E+04  0.7126E+03  0.1578E+04  0.4963E+03  0.6835E+07  0.1004E+07  0.3747E+07  0.6928E+06  0.1620E+07  0.4748E+06
0.1700E+02  0.2816E+04  0.7126E+03  0.1517E+04  0.4963E+03  0.6502E+07  0.1004E+07  0.3077E+07  0.6909E+06  0.1602E+07  0.4706E+06
0.1750E+02  0.2785E+04  0.7126E+03  0.1461E+04  0.4963E+03  0.5452E+07  0.1003E+07  0.3093E+07  0.6889E+06  0.1234E+07  0.4434E+06
0.1800E+02  0.2750E+04  0.7126E+03  0.1392E+04  0.4963E+03  0.5067E+07  0.1004E+07  0.2522E+07  0.6931E+06  0.1427E+07  0.4774E+06
0.1850E+02  0.2706E+04  0.7126E+03  0.1340E+04  0.4963E+03  0.3941E+07  0.1003E+07  0.2584E+07  0.6930E+06  0.1178E+07  0.4724E+06
0.1900E+02  0.2653E+04  0.7126E+03  0.1281E+04  0.4963E+03  0.5079E+07  0.1003E+07  0.2410E+07  0.6928E+06  0.1048E+07  0.4443E+06
0.1950E+02  0.2621E+04  0.7126E+03  0.1225E+04  0.4963E+03  0.5287E+07  0.1002E+07  0.2526E+07  0.6931E+06  0.1210E+07  0.4704E+06
0.2000E+02  0.2583E+04  0.7126E+03  0.1172E+04  0.4963E+03  0.4071E+07  0.1002E+07  0.2725E+07  0.6903E+06  0.1118E+07  0.4627E+06
0.2050E+02  0.2535E+04  0.7126E+03  0.1108E+04  0.4963E+03  0.4203E+07  0.1004E+07  0.2147E+07  0.6793E+06  0.7736E+06  0.4156E+06
0.2100E+02  0.2487E+04  0.7126E+03  0.1061E+04  0.4963E+03  0.3585E+07  0.1004E+07  0.1600E+07  0.6276E+06  0.7257E+06  0.3804E+06
0.2150E+02  0.2434E+04  0.7126E+03  0.1001E+04  0.4963E+03  0.3895E+07  0.1002E+07  0.1581E+07  0.6904E+06  0.8214E+06  0.3678E+06
0.2200E+02  0.2362E+04  0.7126E+03  0.9604E+03  0.4963E+03  0.3717E+07  0.1003E+07  0.1710E+07  0.6579E+06  0.5811E+06  0.3999E+06
0.2250E+02  0.2327E+04  0.7126E+03  0.9084E+03  0.4963E+03  0.4200E+07  0.1001E+07  0.1334E+07  0.6246E+06  0.5097E+06  0.4170E+06
0.2300E+02  0.2268E+04  0.7126E+03  0.8634E+03  0.4963E+03  0.3437E+07  0.1004E+07  0.1418E+07  0.6374E+06  0.4871E+06  0.3807E+06
0.2350E+02  0.2222E+04  0.7126E+03  0.8191E+03  0.4963E+03  0.3481E+07  0.9972E+06  0.1600E+07  0.5945E+06  0.4046E+06  0.3277E+06
0.2400E+02  0.2151E+04  0.7126E+03  0.7721E+03  0.4963E+03  0.3472E+07  0.1003E+07  0.1145E+07  0.6483E+06  0.5353E+06  0.3287E+06
0.2450E+02  0.2100E+04  0.7126E+03  0.7318E+03  0.4961E+03  0.3067E+07  0.1003E+07  0.1008E+07  0.5868E+06  0.3848E+06  0.2946E+06
0.2500E+02  0.2047E+04  0.7126E+03  0.6891E+03  0.4948E+03  0.2448E+07  0.1000E+07  0.7153E+06  0.6374E+06  0.4225E+06  0.3034E+06
0.2550E+02  0.1993E+04  0.7126E+03  0.6510E+03  0.4921E+03  0.2469E+07  0.9463E+06  0.6835E+06  0.5066E+06  0.2909E+06  0.2320E+06
0.2600E+02  0.1937E+04  0.7126E+03  0.6165E+03  0.4885E+03  0.2595E+07  0.9806E+06  0.1023E+07  0.6326E+06  0.4512E+06  0.2825E+06
0.2650E+02  0.1895E+04  0.7126E+03  0.5782E+03  0.4832E+03  0.3364E+07  0.9533E+06  0.8734E+06  0.6230E+06  0.3089E+06  0.1971E+06
0.2700E+02  0.1842E+04  0.7126E+03  0.5474E+03  0.4766E+03  0.2429E+07  0.9878E+06  0.7794E+06  0.5192E+06  0.2285E+06  0.2273E+06
0.2750E+02  0.1779E+04  0.7126E+03  0.5124E+03  0.4693E+03  0.2117E+07  0.9450E+06  0.6251E+06  0.4317E+06  0.2171E+06  0.2211E+06
0.2800E+02  0.1733E+04  0.7126E+03  0.4821E+03  0.4613E+03  0.1818E+07  0.9414E+06  0.5494E+06  0.5288E+06  0.2666E+06  0.2068E+06
0.2850E+02  0.1676E+04  0.7126E+03  0.4533E+03  0.4517E+03  0.2306E+07  0.9024E+06  0.4499E+06  0.3523E+06  0.1794E+06  0.1848E+06
0.2900E+02  0.1630E+04  0.7126E+03  0.4256E+03  0.4427E+03  0.1885E+07  0.9717E+06  0.6188E+06  0.4430E+06  0.1798E+06  0.2110E+06
0.2950E+02  0.1579E+04  0.7126E+03  0.3999E+03  0.4312E+03  0.1838E+07  0.8232E+06  0.6963E+06  0.4591E+06  0.2005E+06  0.1442E+06
0.3000E+02  0.1528E+04  0.7126E+03  0.3758E+03  0.4215E+03  0.1721E+07  0.9012E+06  0.5200E+06  0.3982E+06  0.1648E+06  0.1672E+06
