0.0000E+00  0.9947E+00  0.5906E-01  0.1772E+00  0.3891E-01  0.1297E-01  0.3891E-01  0.6485E-01  0.2083E-01  0.6248E-01  0.1251E-01  0.4168E-02  0.1251E-01  0.2084E-01  0.1978E-01  0.1978E-01  0.2590E-01  0.5935E-01  0.5935E-01  0.7769E-01  0.5453E-01  0.5453E-01  0.6859E-01  0.9383E-02  0.9383E-02  0.1126E-01
0.5000E+00  0.9307E+00  0.5645E-01  0.1694E+00  0.3721E-01  0.1240E-01  0.3721E-01  0.6202E-01  0.1961E-01  0.5883E-01  0.1194E-01  0.3981E-02  0.1194E-01  0.1990E-01  0.1816E-01  0.1816E-01  0.2390E-01  0.5447E-01  0.5447E-01  0.7170E-01  0.4959E-01  0.4959E-01  0.6275E-01  0.8403E-02  0.8403E-02  0.1027E-01
0.1000E+01  0.7776E+00  0.4982E-01  0.1494E+00  0.3305E-01  0.1102E-01  0.3305E-01  0.5508E-01  0.1663E-01  0.4989E-01  0.1052E-01  0.3508E-02  0.1052E-01  0.1754E-01  0.1441E-01  0.1441E-01  0.1917E-01  0.4324E-01  0.4324E-01  0.5750E-01  0.3793E-01  0.3793E-01  0.4933E-01  0.6237E-02  0.6237E-02  0.7944E-02
0.1500E+01  0.6048E+00  0.4162E-01  0.1249E+00  0.2799E-01  0.9331E-02  0.2799E-01  0.4665E-01  0.1313E-01  0.3938E-01  0.8781E-02  0.2927E-02  0.8781E-02  0.1464E-01  0.1029E-01  0.1029E-01  0.1400E-01  0.3088E-01  0.3088E-01  0.4199E-01  0.2587E-01  0.2587E-01  0.3506E-01  0.4045E-02  0.4045E-02  0.5486E-02
0.2000E+01  0.4549E+00  0.3363E-01  0.1009E+00  0.2319E-01  0.7728E-02  0.2319E-01  0.3864E-01  0.9941E-02  0.2982E-01  0.7104E-02  0.2368E-02  0.7104E-02  0.1184E-01  0.6952E-02  0.6952E-02  0.9736E-02  0.2086E-01  0.2086E-01  0.2921E-01  0.1645E-01  0.1645E-01  0.2355E-01  0.2438E-02  0.2438E-02  0.3552E-02
0.2500E+01  0.3390E+00  0.2676E-01  0.8027E-01  0.1905E-01  0.6350E-02  0.1905E-01  0.3175E-01  0.7380E-02  0.2214E-01  0.5653E-02  0.1884E-02  0.5653E-02  0.9421E-02  0.4552E-02  0.4552E-02  0.6622E-02  0.1366E-01  0.1366E-01  0.1987E-01  0.1012E-01  0.1012E-01  0.1537E-01  0.1431E-02  0.1431E-02  0.2226E-02
0.3000E+01  0.2536E+00  0.2115E-01  0.6344E-01  0.1565E-01  0.5217E-02  0.1565E-01  0.2609E-01  0.5443E-02  0.1633E-01  0.4471E-02  0.1490E-02  0.4471E-02  0.7451E-02  0.2948E-02  0.2948E-02  0.4475E-02  0.8845E-02  0.8845E-02  0.1343E-01  0.6170E-02  0.6170E-02  0.9905E-02  0.8154E-03  0.8154E-03  0.1376E-02
0.3500E+01  0.1915E+00  0.1669E-01  0.5007E-01  0.1290E-01  0.4300E-02  0.1290E-01  0.2150E-01  0.4010E-02  0.1203E-01  0.3527E-02  0.1176E-02  0.3527E-02  0.5879E-02  0.1905E-02  0.1905E-02  0.3025E-02  0.5715E-02  0.5715E-02  0.9076E-02  0.3745E-02  0.3745E-02  0.6363E-02  0.4700E-03  0.4700E-03  0.8510E-03
0.4000E+01  0.1464E+00  0.1320E-01  0.3960E-01  0.1067E-01  0.3558E-02  0.1067E-01  0.1779E-01  0.2965E-02  0.8895E-02  0.2784E-02  0.9281E-03  0.2784E-02  0.4640E-02  0.1233E-02  0.1233E-02  0.2057E-02  0.3700E-02  0.3700E-02  0.6171E-02  0.2304E-02  0.2304E-02  0.4126E-02  0.2721E-03  0.2721E-03  0.5270E-03
0.4500E+01  0.1133E+00  0.1048E-01  0.3143E-01  0.8869E-02  0.2956E-02  0.8869E-02  0.1478E-01  0.2205E-02  0.6616E-02  0.2204E-02  0.7346E-03  0.2204E-02  0.3673E-02  0.8049E-03  0.8049E-03  0.1407E-02  0.2415E-02  0.2415E-02  0.4221E-02  0.1425E-02  0.1425E-02  0.2694E-02  0.1589E-03  0.1589E-03  0.3260E-03
0.5000E+01  0.8869E-01  0.8355E-02  0.2507E-01  0.7399E-02  0.2466E-02  0.7399E-02  0.1233E-01  0.1649E-02  0.4948E-02  0.1749E-02  0.5829E-03  0.1749E-02  0.2915E-02  0.5317E-03  0.5317E-03  0.9707E-03  0.1595E-02  0.1595E-02  0.2912E-02  0.8865E-03  0.8865E-03  0.1774E-02  0.9423E-04  0.9423E-04  0.2051E-03
0.5500E+01  0.7016E-01  0.6690E-02  0.2007E-01  0.6196E-02  0.2065E-02  0.6196E-02  0.1033E-01  0.1242E-02  0.3727E-02  0.1393E-02  0.4644E-03  0.1393E-02  0.2322E-02  0.3536E-03  0.3536E-03  0.6759E-03  0.1061E-02  0.1061E-02  0.2028E-02  0.5599E-03  0.5599E-03  0.1176E-02  0.5642E-04  0.5642E-04  0.1300E-03
0.6000E+01  0.5603E-01  0.5384E-02  0.1615E-01  0.5209E-02  0.1736E-02  0.5209E-02  0.8681E-02  0.9418E-03  0.2825E-02  0.1113E-02  0.3712E-03  0.1113E-02  0.1856E-02  0.2375E-03  0.2375E-03  0.4716E-03  0.7126E-03  0.7126E-03  0.1415E-02  0.3562E-03  0.3562E-03  0.7869E-03  0.3436E-04  0.3436E-04  0.8282E-04
0.6500E+01  0.4515E-01  0.4354E-02  0.1306E-01  0.4393E-02  0.1464E-02  0.4393E-02  0.7322E-02  0.7186E-03  0.2156E-02  0.8931E-03  0.2977E-03  0.8931E-03  0.1488E-02  0.1606E-03  0.1606E-03  0.3340E-03  0.4817E-03  0.4817E-03  0.1002E-02  0.2306E-03  0.2306E-03  0.5323E-03  0.2108E-04  0.2108E-04  0.5363E-04
0.7000E+01  0.3665E-01  0.3538E-02  0.1061E-01  0.3715E-02  0.1238E-02  0.3715E-02  0.6192E-02  0.5517E-03  0.1655E-02  0.7188E-03  0.2396E-03  0.7188E-03  0.1198E-02  0.1100E-03  0.1100E-03  0.2378E-03  0.3301E-03  0.3301E-03  0.7135E-03  0.1505E-03  0.1505E-03  0.3610E-03  0.1311E-04  0.1311E-04  0.3481E-04
0.7500E+01  0.2995E-01  0.2886E-02  0.8657E-02  0.3152E-02  0.1051E-02  0.3152E-02  0.5254E-02  0.4261E-03  0.1278E-02  0.5807E-03  0.1936E-03  0.5807E-03  0.9679E-03  0.7591E-04  0.7591E-04  0.1691E-03  0.2277E-03  0.2277E-03  0.5073E-03  0.9833E-04  0.9833E-04  0.2479E-03  0.8270E-05  0.8270E-05  0.2291E-04
0.8000E+01  0.2464E-01  0.2365E-02  0.7095E-02  0.2682E-02  0.8941E-03  0.2682E-02  0.4471E-02  0.3309E-03  0.9927E-03  0.4704E-03  0.1568E-03  0.4704E-03  0.7841E-03  0.5289E-04  0.5289E-04  0.1222E-03  0.1587E-03  0.1587E-03  0.3667E-03  0.6554E-04  0.6554E-04  0.1714E-03  0.5246E-05  0.5246E-05  0.1514E-04
0.8500E+01  0.2038E-01  0.1945E-02  0.5836E-02  0.2290E-02  0.7632E-03  0.2290E-02  0.3816E-02  0.2583E-03  0.7750E-03  0.3827E-03  0.1276E-03  0.3827E-03  0.6378E-03  0.3704E-04  0.3704E-04  0.8914E-04  0.1111E-03  0.1111E-03  0.2674E-03  0.4396E-04  0.4396E-04  0.1190E-03  0.3373E-05  0.3373E-05  0.1015E-04
0.9000E+01  0.1694E-01  0.1607E-02  0.4820E-02  0.1957E-02  0.6522E-03  0.1957E-02  0.3261E-02  0.2028E-03  0.6084E-03  0.3120E-03  0.1040E-03  0.3120E-03  0.5200E-03  0.2617E-04  0.2617E-04  0.6475E-04  0.7852E-04  0.7852E-04  0.1942E-03  0.2975E-04  0.2975E-04  0.8350E-04  0.2193E-05  0.2193E-05  0.6843E-05
0.9500E+01  0.1415E-01  0.1332E-02  0.3997E-02  0.1678E-02  0.5593E-03  0.1678E-02  0.2796E-02  0.1599E-03  0.4797E-03  0.2553E-03  0.8511E-04  0.2553E-03  0.4256E-03  0.1858E-04  0.1858E-04  0.4764E-04  0.5574E-04  0.5574E-04  0.1429E-03  0.2021E-04  0.2021E-04  0.5887E-04  0.1431E-05  0.1431E-05  0.4628E-05
0.1000E+02  0.1186E-01  0.1108E-02  0.3323E-02  0.1441E-02  0.4805E-03  0.1441E-02  0.2402E-02  0.1267E-03  0.3801E-03  0.2094E-03  0.6981E-04  0.2094E-03  0.3490E-03  0.1322E-04  0.1322E-04  0.3517E-04  0.3967E-04  0.3967E-04  0.1055E-03  0.1390E-04  0.1390E-04  0.4180E-04  0.9513E-06  0.9513E-06  0.3157E-05
0.1050E+02  0.9985E-02  0.9244E-03  0.2773E-02  0.1240E-02  0.4135E-03  0.1240E-02  0.2067E-02  0.1008E-03  0.3023E-03  0.1724E-03  0.5746E-04  0.1724E-03  0.2873E-03  0.9552E-05  0.9552E-05  0.2614E-04  0.2866E-04  0.2866E-04  0.7843E-04  0.9631E-05  0.9631E-05  0.2974E-04  0.6284E-06  0.6284E-06  0.2178E-05
0.1100E+02  0.8437E-02  0.7741E-03  0.2322E-02  0.1070E-02  0.3567E-03  0.1070E-02  0.1783E-02  0.8048E-04  0.2414E-03  0.1421E-03  0.4737E-04  0.1421E-03  0.2369E-03  0.6916E-05  0.6916E-05  0.1945E-04  0.2075E-04  0.2075E-04  0.5836E-04  0.6726E-05  0.6726E-05  0.2136E-04  0.4217E-06  0.4217E-06  0.1502E-05
0.1150E+02  0.7151E-02  0.6499E-03  0.1950E-02  0.9244E-03  0.3081E-03  0.9244E-03  0.1541E-02  0.6455E-04  0.1937E-03  0.1176E-03  0.3919E-04  0.1176E-03  0.1960E-03  0.5039E-05  0.5039E-05  0.1457E-04  0.1512E-04  0.1512E-04  0.4371E-04  0.4705E-05  0.4705E-05  0.1545E-04  0.2859E-06  0.2859E-06  0.1046E-05
0.1200E+02  0.6082E-02  0.5473E-03  0.1642E-02  0.8006E-03  0.2669E-03  0.8006E-03  0.1334E-02  0.5195E-04  0.1559E-03  0.9748E-04  0.3249E-04  0.9748E-04  0.1625E-03  0.3710E-05  0.3710E-05  0.1099E-04  0.1113E-04  0.1113E-04  0.3296E-04  0.3326E-05  0.3326E-05  0.1119E-04  0.1939E-06  0.1939E-06  0.7344E-06
0.1250E+02  0.5185E-02  0.4620E-03  0.1386E-02  0.6941E-03  0.2314E-03  0.6941E-03  0.1157E-02  0.4198E-04  0.1259E-03  0.8099E-04  0.2700E-04  0.8099E-04  0.1350E-03  0.2724E-05  0.2724E-05  0.8295E-05  0.8171E-05  0.8171E-05  0.2489E-04  0.2353E-05  0.2353E-05  0.8144E-05  0.1331E-06  0.1331E-06  0.5154E-06
0.1300E+02  0.4434E-02  0.3912E-03  0.1173E-02  0.6030E-03  0.2010E-03  0.6030E-03  0.1005E-02  0.3400E-04  0.1020E-03  0.6745E-04  0.2248E-04  0.6745E-04  0.1124E-03  0.2017E-05  0.2017E-05  0.6311E-05  0.6051E-05  0.6051E-05  0.1893E-04  0.1679E-05  0.1679E-05  0.5961E-05  0.9209E-07  0.9209E-07  0.3643E-06
0.1350E+02  0.3799E-02  0.3317E-03  0.9951E-03  0.5246E-03  0.1749E-03  0.5246E-03  0.8743E-03  0.2764E-04  0.8293E-04  0.5633E-04  0.1878E-04  0.5633E-04  0.9389E-04  0.1496E-05  0.1496E-05  0.4789E-05  0.4489E-05  0.4489E-05  0.1437E-04  0.1205E-05  0.1205E-05  0.4382E-05  0.6378E-07  0.6378E-07  0.2594E-06
0.1400E+02  0.3265E-02  0.2822E-03  0.8466E-03  0.4572E-03  0.1524E-03  0.4572E-03  0.7620E-03  0.2254E-04  0.6762E-04  0.4711E-04  0.1570E-04  0.4711E-04  0.7852E-04  0.1123E-05  0.1123E-05  0.3668E-05  0.3370E-05  0.3370E-05  0.1100E-04  0.8679E-06  0.8679E-06  0.3239E-05  0.4446E-07  0.4446E-07  0.1858E-06
0.1450E+02  0.2812E-02  0.2406E-03  0.7219E-03  0.3991E-03  0.1330E-03  0.3991E-03  0.6652E-03  0.1844E-04  0.5531E-04  0.3947E-04  0.1316E-04  0.3947E-04  0.6579E-04  0.8423E-06  0.8423E-06  0.2817E-05  0.2527E-05  0.2527E-05  0.8452E-05  0.6315E-06  0.6315E-06  0.2413E-05  0.3121E-07  0.3121E-07  0.1329E-06
0.1500E+02  0.2426E-02  0.2055E-03  0.6166E-03  0.3487E-03  0.1162E-03  0.3487E-03  0.5811E-03  0.1511E-04  0.4534E-04  0.3317E-04  0.1106E-04  0.3317E-04  0.5528E-04  0.6317E-06  0.6317E-06  0.2160E-05  0.1895E-05  0.1895E-05  0.6481E-05  0.4588E-06  0.4588E-06  0.1793E-05  0.2197E-07  0.2197E-07  0.9616E-07
0.1550E+02  0.2098E-02  0.1759E-03  0.5277E-03  0.3050E-03  0.1017E-03  0.3050E-03  0.5084E-03  0.1243E-04  0.3728E-04  0.2790E-04  0.9301E-05  0.2790E-04  0.4651E-04  0.4796E-06  0.4796E-06  0.1680E-05  0.1439E-05  0.1439E-05  0.5041E-05  0.3373E-06  0.3373E-06  0.1343E-05  0.1559E-07  0.1559E-07  0.6965E-07
0.1600E+02  0.1818E-02  0.1509E-03  0.4527E-03  0.2675E-03  0.8916E-04  0.2675E-03  0.4458E-03  0.1024E-04  0.3073E-04  0.2353E-04  0.7843E-05  0.2353E-04  0.3921E-04  0.3634E-06  0.3634E-06  0.1299E-05  0.1090E-05  0.1090E-05  0.3898E-05  0.2476E-06  0.2476E-06  0.1006E-05  0.1109E-07  0.1109E-07  0.5063E-07
0.1650E+02  0.1578E-02  0.1297E-03  0.3890E-03  0.2345E-03  0.7818E-04  0.2345E-03  0.3909E-03  0.8469E-05  0.2541E-04  0.1987E-04  0.6624E-05  0.1987E-04  0.3312E-04  0.2775E-06  0.2775E-06  0.1010E-05  0.8325E-06  0.8325E-06  0.3031E-05  0.1825E-06  0.1825E-06  0.7563E-06  0.7945E-08  0.7945E-08  0.3704E-07
0.1700E+02  0.1372E-02  0.1117E-03  0.3350E-03  0.2061E-03  0.6871E-04  0.2061E-03  0.3436E-03  0.7013E-05  0.2104E-04  0.1681E-04  0.5604E-05  0.1681E-04  0.2802E-04  0.2125E-06  0.2125E-06  0.7849E-06  0.6374E-06  0.6374E-06  0.2355E-05  0.1353E-06  0.1353E-06  0.5723E-06  0.5713E-08  0.5713E-08  0.2717E-07
0.1750E+02  0.1195E-02  0.9629E-04  0.2889E-03  0.1813E-03  0.6043E-04  0.1813E-03  0.3022E-03  0.5823E-05  0.1747E-04  0.1425E-04  0.4749E-05  0.1425E-04  0.2374E-04  0.1631E-06  0.1631E-06  0.6146E-06  0.4893E-06  0.4893E-06  0.1844E-05  0.1006E-06  0.1006E-06  0.4343E-06  0.4111E-08  0.4111E-08  0.1998E-07
0.1800E+02  0.1043E-02  0.8318E-04  0.2496E-03  0.1597E-03  0.5322E-04  0.1597E-03  0.2661E-03  0.4844E-05  0.1453E-04  0.1209E-04  0.4030E-05  0.1209E-04  0.2015E-04  0.1252E-06  0.1252E-06  0.4827E-06  0.3755E-06  0.3755E-06  0.1448E-05  0.7500E-07  0.7500E-07  0.3301E-06  0.2979E-08  0.2979E-08  0.1479E-07
0.1850E+02  0.9107E-03  0.7198E-04  0.2159E-03  0.1407E-03  0.4690E-04  0.1407E-03  0.2345E-03  0.4039E-05  0.1212E-04  0.1028E-04  0.3426E-05  0.1028E-04  0.1713E-04  0.9657E-07  0.9657E-07  0.3796E-06  0.2897E-06  0.2897E-06  0.1139E-05  0.5628E-07  0.5628E-07  0.2514E-06  0.2180E-08  0.2180E-08  0.1094E-07
0.1900E+02  0.7970E-03  0.6237E-04  0.1871E-03  0.1242E-03  0.4141E-04  0.1242E-03  0.2070E-03  0.3374E-05  0.1012E-04  0.8750E-05  0.2917E-05  0.8750E-05  0.1458E-04  0.7509E-07  0.7509E-07  0.2986E-06  0.2253E-06  0.2253E-06  0.8958E-06  0.4226E-07  0.4226E-07  0.1921E-06  0.1586E-08  0.1586E-08  0.8135E-08
0.1950E+02  0.6986E-03  0.5415E-04  0.1625E-03  0.1098E-03  0.3661E-04  0.1098E-03  0.1830E-03  0.2824E-05  0.8473E-05  0.7460E-05  0.2487E-05  0.7460E-05  0.1243E-04  0.5819E-07  0.5819E-07  0.2362E-06  0.1746E-06  0.1746E-06  0.7086E-06  0.3195E-07  0.3195E-07  0.1480E-06  0.1165E-08  0.1165E-08  0.6079E-08
0.2000E+02  0.6130E-03  0.4707E-04  0.1412E-03  0.9712E-04  0.3237E-04  0.9712E-04  0.1619E-03  0.2369E-05  0.7106E-05  0.6370E-05  0.2123E-05  0.6370E-05  0.1062E-04  0.4527E-07  0.4527E-07  0.1872E-06  0.1358E-06  0.1358E-06  0.5615E-06  0.2413E-07  0.2413E-07  0.1137E-06  0.8581E-09  0.8581E-09  0.4551E-08
0.2050E+02  0.5385E-03  0.4098E-04  0.1229E-03  0.8597E-04  0.2866E-04  0.8597E-04  0.1433E-03  0.1990E-05  0.5970E-05  0.5446E-05  0.1815E-05  0.5446E-05  0.9077E-05  0.3552E-07  0.3552E-07  0.1490E-06  0.1065E-06  0.1065E-06  0.4469E-06  0.1827E-07  0.1827E-07  0.8788E-07  0.6314E-09  0.6314E-09  0.3406E-08
0.2100E+02  0.4739E-03  0.3572E-04  0.1072E-03  0.7622E-04  0.2541E-04  0.7622E-04  0.1270E-03  0.1675E-05  0.5025E-05  0.4663E-05  0.1554E-05  0.4663E-05  0.7772E-05  0.2765E-07  0.2765E-07  0.1183E-06  0.8295E-07  0.8295E-07  0.3550E-06  0.1399E-07  0.1399E-07  0.6795E-07  0.4689E-09  0.4689E-09  0.2561E-08
0.2150E+02  0.4173E-03  0.3117E-04  0.9352E-04  0.6759E-04  0.2253E-04  0.6759E-04  0.1126E-03  0.1412E-05  0.4236E-05  0.3998E-05  0.1333E-05  0.3998E-05  0.6663E-05  0.2184E-07  0.2184E-07  0.9439E-07  0.6552E-07  0.6552E-07  0.2832E-06  0.1064E-07  0.1064E-07  0.5270E-07  0.3494E-09  0.3494E-09  0.1932E-08
0.2200E+02  0.3682E-03  0.2726E-04  0.8177E-04  0.6003E-04  0.2001E-04  0.6003E-04  0.1001E-03  0.1192E-05  0.3577E-05  0.3433E-05  0.1144E-05  0.3433E-05  0.5722E-05  0.1715E-07  0.1715E-07  0.7531E-07  0.5146E-07  0.5146E-07  0.2259E-06  0.8176E-08  0.8176E-08  0.4108E-07  0.2606E-09  0.2606E-09  0.1470E-08
0.2250E+02  0.3250E-03  0.2384E-04  0.7153E-04  0.5335E-04  0.1778E-04  0.5335E-04  0.8892E-04  0.1008E-05  0.3025E-05  0.2950E-05  0.9834E-06  0.2950E-05  0.4917E-05  0.1350E-07  0.1350E-07  0.6042E-07  0.4050E-07  0.4050E-07  0.1813E-06  0.6254E-08  0.6254E-08  0.3196E-07  0.1940E-09  0.1940E-09  0.1113E-08
0.2300E+02  0.2873E-03  0.2090E-04  0.6271E-04  0.4745E-04  0.1582E-04  0.4745E-04  0.7909E-04  0.8544E-06  0.2563E-05  0.2538E-05  0.8461E-06  0.2538E-05  0.4230E-05  0.1074E-07  0.1074E-07  0.4840E-07  0.3221E-07  0.3221E-07  0.1452E-06  0.4827E-08  0.4827E-08  0.2492E-07  0.1460E-09  0.1460E-09  0.8468E-09
0.2350E+02  0.2542E-03  0.1833E-04  0.5500E-04  0.4225E-04  0.1408E-04  0.4225E-04  0.7042E-04  0.7247E-06  0.2174E-05  0.2188E-05  0.7292E-06  0.2188E-05  0.3646E-05  0.8489E-08  0.8489E-08  0.3915E-07  0.2547E-07  0.2547E-07  0.1174E-06  0.3724E-08  0.3724E-08  0.1951E-07  0.1097E-09  0.1097E-09  0.6474E-09
0.2400E+02  0.2252E-03  0.1610E-04  0.4830E-04  0.3764E-04  0.1255E-04  0.3764E-04  0.6274E-04  0.6155E-06  0.1847E-05  0.1886E-05  0.6288E-06  0.1886E-05  0.3144E-05  0.6744E-08  0.6744E-08  0.3135E-07  0.2023E-07  0.2023E-07  0.9406E-07  0.2880E-08  0.2880E-08  0.1535E-07  0.8278E-10  0.8278E-10  0.4958E-09
0.2450E+02  0.1997E-03  0.1416E-04  0.4248E-04  0.3357E-04  0.1119E-04  0.3357E-04  0.5595E-04  0.5236E-06  0.1571E-05  0.1628E-05  0.5428E-06  0.1628E-05  0.2714E-05  0.5387E-08  0.5387E-08  0.2534E-07  0.1616E-07  0.1616E-07  0.7603E-07  0.2229E-08  0.2229E-08  0.1205E-07  0.6282E-10  0.6282E-10  0.3800E-09
0.2500E+02  0.1773E-03  0.1246E-04  0.3739E-04  0.2997E-04  0.9990E-05  0.2997E-04  0.4995E-04  0.4462E-06  0.1339E-05  0.1408E-05  0.4692E-06  0.1408E-05  0.2346E-05  0.4294E-08  0.4294E-08  0.2051E-07  0.1288E-07  0.1288E-07  0.6154E-07  0.1744E-08  0.1744E-08  0.9513E-08  0.4751E-10  0.4751E-10  0.2929E-09
0.2550E+02  0.1575E-03  0.1099E-04  0.3296E-04  0.2677E-04  0.8924E-05  0.2677E-04  0.4462E-04  0.3808E-06  0.1142E-05  0.1219E-05  0.4062E-06  0.1219E-05  0.2031E-05  0.3433E-08  0.3433E-08  0.1660E-07  0.1030E-07  0.1030E-07  0.4980E-07  0.1349E-08  0.1349E-08  0.7505E-08  0.3627E-10  0.3627E-10  0.2248E-09
0.2600E+02  0.1401E-03  0.9686E-05  0.2906E-04  0.2394E-04  0.7979E-05  0.2394E-04  0.3989E-04  0.3252E-06  0.9757E-06  0.1055E-05  0.3517E-06  0.1055E-05  0.1758E-05  0.2752E-08  0.2752E-08  0.1348E-07  0.8257E-08  0.8257E-08  0.4043E-07  0.1053E-08  0.1053E-08  0.5932E-08  0.2752E-10  0.2752E-10  0.1737E-09
0.2650E+02  0.1246E-03  0.8550E-05  0.2565E-04  0.2140E-04  0.7134E-05  0.2140E-04  0.3567E-04  0.2781E-06  0.8344E-06  0.9149E-06  0.3050E-06  0.9149E-06  0.1525E-05  0.2205E-08  0.2205E-08  0.1094E-07  0.6616E-08  0.6616E-08  0.3281E-07  0.8229E-09  0.8229E-09  0.4717E-08  0.2102E-10  0.2102E-10  0.1345E-09
0.2700E+02  0.1111E-03  0.7557E-05  0.2267E-04  0.1917E-04  0.6391E-05  0.1917E-04  0.3195E-04  0.2380E-06  0.7140E-06  0.7942E-06  0.2647E-06  0.7942E-06  0.1324E-05  0.1779E-08  0.1779E-08  0.8941E-08  0.5337E-08  0.5337E-08  0.2682E-07  0.6489E-09  0.6489E-09  0.3720E-08  0.1612E-10  0.1612E-10  0.1043E-09
0.2750E+02  0.9905E-04  0.6684E-05  0.2005E-04  0.1717E-04  0.5724E-05  0.1717E-04  0.2862E-04  0.2041E-06  0.6122E-06  0.6898E-06  0.2299E-06  0.6898E-06  0.1150E-05  0.1431E-08  0.1431E-08  0.7281E-08  0.4293E-08  0.4293E-08  0.2184E-07  0.5112E-09  0.5112E-09  0.2968E-08  0.1238E-10  0.1238E-10  0.8099E-10
0.2800E+02  0.8841E-04  0.5923E-05  0.1777E-04  0.1540E-04  0.5132E-05  0.1540E-04  0.2566E-04  0.1752E-06  0.5255E-06  0.5999E-06  0.2000E-06  0.5999E-06  0.9999E-06  0.1159E-08  0.1159E-08  0.5965E-08  0.3478E-08  0.3478E-08  0.1789E-07  0.4000E-09  0.4000E-09  0.2361E-08  0.9503E-11  0.9503E-11  0.6310E-10
0.2850E+02  0.7896E-04  0.5246E-05  0.1574E-04  0.1381E-04  0.4604E-05  0.1381E-04  0.2302E-04  0.1505E-06  0.4514E-06  0.5219E-06  0.1740E-06  0.5219E-06  0.8698E-06  0.9346E-09  0.9346E-09  0.4883E-08  0.2804E-08  0.2804E-08  0.1465E-07  0.3176E-09  0.3176E-09  0.1891E-08  0.7312E-11  0.7312E-11  0.4919E-10
0.2900E+02  0.7059E-04  0.4654E-05  0.1396E-04  0.1240E-04  0.4134E-05  0.1240E-04  0.2067E-04  0.1294E-06  0.3882E-06  0.4549E-06  0.1516E-06  0.4549E-06  0.7581E-06  0.7584E-09  0.7584E-09  0.3978E-08  0.2275E-08  0.2275E-08  0.1193E-07  0.2507E-09  0.2507E-09  0.1512E-08  0.5665E-11  0.5665E-11  0.3840E-10
0.2950E+02  0.6314E-04  0.4131E-05  0.1239E-04  0.1114E-04  0.3714E-05  0.1114E-04  0.1857E-04  0.1114E-06  0.3342E-06  0.3966E-06  0.1322E-06  0.3966E-06  0.6609E-06  0.6152E-09  0.6152E-09  0.3281E-08  0.1845E-08  0.1845E-08  0.9842E-08  0.1978E-09  0.1978E-09  0.1209E-08  0.4394E-11  0.4394E-11  0.3014E-10
0.3000E+02  0.5653E-04  0.3671E-05  0.1101E-04  0.1002E-04  0.3339E-05  0.1002E-04  0.1669E-04  0.9602E-07  0.2881E-06  0.3460E-06  0.1153E-06  0.3460E-06  0.5767E-06  0.4981E-09  0.4981E-09  0.2690E-08  0.1494E-08  0.1494E-08  0.8069E-08  0.1577E-09  0.1577E-09  0.9743E-09  0.3408E-11  0.3408E-11  0.2364E-10
